1 0.4461167390255668 0.7537867824409069
2 0.5605402797877472 0.8329956584659913
3 0.6200192957067052 0.8673420164013507
4 0.6599131693198264 0.8863482875060299
5 0.6876025084418717 0.8993246502653159
6 0.7082489146164979 0.9091172214182345
7 0.7266280752532561 0.9171731789676797
8 0.7420646406174626 0.9234925229136517
9 0.7547033285094067 0.9288470815243608
10 0.7673420164013507 0.9339604438012542
11 0.7773757838880849 0.9371924746743849
12 0.7863482875060299 0.9401833092137
13 0.7945972021225277 0.9433671008200676
14 0.8008200675349735 0.9456343463579353
15 0.8074288470815244 0.9479498311625664
16 0.8135552339604438 0.9499758803666184
17 0.8191992281717317 0.9522431259044862
18 0.8236854799807043 0.9542209358417753
19 0.8281717317896768 0.9558610709117221
20 0.832899179932465 0.9573082489146165
21 0.8361794500723589 0.9589001447178003
22 0.8406174626145683 0.9600578871201157
23 0.8443318861553304 0.9613121080559576
24 0.8482392667631452 0.9624216111915099
25 0.8507959479015919 0.9634346357935359
