1 0.39922817173178965 0.582392667631452
2 0.4560057887120116 0.6123492522913652
3 0.4818620356970574 0.6245537867824409
4 0.4972986010612639 0.6323203087313073
5 0.5059334298118668 0.6368065605402798
6 0.5127834056922335 0.6402797877472263
7 0.5177520501688374 0.6422575976845152
8 0.5216594307766522 0.644187168355041
9 0.5249879401833092 0.6456343463579354
10 0.5278822961890979 0.6467920887602508
11 0.5304872165943078 0.6479498311625663
12 0.5324167872648335 0.648818137964303
13 0.53420164013507 0.649493487698987
14 0.5354076218041486 0.6502653159671973
15 0.5370477568740956 0.6508924264351181
16 0.5380607814761216 0.6513748191027496
17 0.5393632416787265 0.6519054510371443
18 0.5403280270139894 0.652484322238302
19 0.5411480945489628 0.652821997105644
20 0.54187168355041 0.6531114327062228
21 0.5428364688856729 0.6536903039073806
22 0.5433188615533044 0.6540762180414857
23 0.544187168355041 0.6542691751085383
24 0.5450554751567777 0.6545586107091173
25 0.5456825856246985 0.6548480463096961
